Webots Project File version R2023b
perspectives: 000000ff00000000fd0000000200000001000002a300000324fc0200000001fb0000001400540065007800740045006400690074006f00720000000000000003240000003f00ffffff0000000300000780000000d9fc0100000001fb0000001a0043006f006e0073006f006c00650041006c006c0041006c006c0100000000000007800000006900ffffff000007800000030d00000001000000020000000100000008fc00000000
simulationViewPerspectives: 000000ff000000010000000200000170000004760100000002010000000101
sceneTreePerspectives: 000000ff00000001000000030000001e000000c0000000fa0100000002010000000201
minimizedPerspectives: 000000ff00000000fd0000000200000001000002a300000249fc0200000001fb0000001400540065007800740045006400690074006f00720100000000000002490000008a00ffffff00000003000005e8000000d9fc0100000001fb0000001a0043006f006e0073006f006c00650041006c006c0041006c006c0100000000000005e80000008700ffffff000003430000024900000001000000020000000100000008fc00000000
maximizedDockId: -1
centralWidgetVisible: 1
orthographicViewHeight: 1
textFiles: -1
globalOptionalRendering: CameraFrustums
consoles: Console:All:All
renderingDevicePerspectives: e-puck:camera;0;4.74359;0;0.00954198
